HSPC	Ery	Myeloid	NK	B.cells	T.cells
TET2.S792*	4	18	33	50	7	12
TET2.Q1034*	3	15	23	47	6	14
TET2.R1216*	2	10	34	51	6	12
TET2.H1380Y	5	15	56	81	7	26
ACAP2.L97M	15	112	189	1674	69	735
ASXL1.G642fs	0	7	1	25	2	7
CWF19L2.K221R	6	60	34	535	34	325
DOLPP1.R227S	0	10	1	9	0	5
HNRNPUL1.F559F	9	96	44	260	15	201
MAP4K5.P667S	6	27	9	64	3	13
MTAP.rearr	17	159	81	626	32	419
RAB9A.3pUTR	15	133	149	2618	61	637
RPS24.chr10:79795273:T/C	50	263	396	5954	212	3129
PRKDC.chr8:48713410:C/T	12	142	57	172	10	95
SMARCD1.chr12:50490729:C/T	1	10	7	40	3	17
