HSPC	Ery	Myeloid	NK	B.cells	T.cells
TET2.S792*	3	18	34	50	7	12
TET2.Q1034*	3	15	23	47	6	14
TET2.R1216*	2	10	34	51	6	12
TET2.H1380Y	4	15	57	79	7	28
ACAP2.L97M	15	112	189	1669	70	739
ASXL1.G642fs	0	7	1	25	2	7
CWF19L2.K221R	6	60	34	535	33	326
DOLPP1.R227S	0	10	1	9	0	5
HNRNPUL1.F559F	9	96	44	257	15	204
MAP4K5.P667S	5	27	11	64	2	13
MTAP.rearr	17	159	81	624	32	421
RAB9A.3pUTR	15	133	150	2609	59	647
RPS24.chr10:79795273:T/C	48	262	399	5937	211	3147
PRKDC.chr8:48713410:C/T	12	142	57	174	10	93
SMARCD1.chr12:50490729:C/T	1	10	7	39	3	18
