HSPC	Ery	Myeloid	NK	B.cells	T.cells
TET2.S792*	3	7	23	49	7	12
TET2.Q1034*	2	10	15	45	6	14
TET2.R1216*	2	10	31	51	6	12
TET2.H1380Y	3	15	46	81	7	26
ACAP2.L97M	15	112	185	1668	67	734
ASXL1.G642fs	0	1	0	23	2	7
CWF19L2.K221R	6	60	32	535	34	325
DOLPP1.R227S	0	10	1	9	0	5
HNRNPUL1.F559F	9	96	39	258	15	201
MAP4K5.P667S	6	27	8	64	3	13
MTAP.rearr	17	159	67	626	32	419
RAB9A.3pUTR	15	133	136	2618	60	637
RPS24.chr10:79795273:T/C	11	48	127	5819	208	3113
PRKDC.chr8:48713410:C/T	11	123	51	172	10	95
SMARCD1.chr12:50490729:C/T	1	7	3	32	3	16
